0.000000000000000000e+00
0.000000000000000000e+00
2.282898800585981269e-01
7.754454550891200226e-02
2.916783813631200761e-01
3.555688719223540906e-01
3.528207372633043182e-01
4.522939517796104036e-02
3.131734927894688769e-02
1.212734577918409135e-01
7.119512924790058483e-03
1.389881349849468872e-01
-1.712992698714702056e-02
2.111519437547171030e-01
3.505248430080530886e-01
2.763823657878734519e-01
1.247629830581660493e-01
3.993605289257330937e-01
2.469221762850767332e-01
-3.220282762583745462e-02
4.286857786822216854e-01
7.612095848464326409e-01
5.947207975853887607e-01
3.449463187543546638e-01
4.136150061738003703e-01
6.499291293120712520e-01
7.868468916458422058e-01
1.067769743927968973e+00
8.883993333680236804e-01
8.697247921621482636e-01
9.062441210984509832e-01
5.247796052630898656e-01
3.975222451112344069e-01
6.703687212691543662e-01
8.515236978032838522e-01
6.967866209348667628e-01
9.966143618148400884e-01
5.156901287538289136e-01
2.319861946251258744e-01
1.939543263277254681e-02
-7.333698846408109873e-03
-9.246434549667410796e-02
-1.627097407223152339e-02
-1.326890207946089251e-01
2.413032532417080656e-01
-2.324304287356327992e-01
-4.118330603673865942e-01
-2.400781705437370350e-01
-6.201592081417451885e-01
-1.601450222938362589e-01
-4.845172553564341955e-01
-5.762368407410047855e-01
-7.609025899507713131e-01
-8.957104773767877726e-01
-7.910103903673488812e-01
-6.307590561104433613e-01
-8.550569039457666110e-01
-5.039486065423496308e-01
-5.669544742972123519e-01
-8.069583104553572639e-01
-9.917068166838032273e-01
-9.251066142664832181e-01
-8.356071737373281794e-01
-8.290931251522314360e-01
-1.237089446714895624e+00
-1.415922432031913258e+00
-1.169342475669405079e+00
-9.692829984525156428e-01
-7.413588123257924822e-01
-1.165155623922125905e+00
-1.586717747831659864e+00
-1.383767550711925365e+00
-1.429303050494538319e+00
-1.566314296274041507e+00
-1.005554882621852775e+00
-1.218910102037769949e+00
-1.041599357078964783e+00
-1.411021402176964035e+00
-1.221865431438251992e+00
-1.505018552998467651e+00
-1.280773205006497051e+00
-1.117699271765234315e+00
-1.548039949113421576e+00
-1.262796439744626298e+00
-1.083839556486130951e+00
-1.023596817089234667e+00
-1.041198202270737339e+00
-1.061980584387855142e+00
-1.222027867738199047e+00
-1.500619789873430809e+00
-1.856499792516651315e+00
-1.643607203557330587e+00
-1.132621244830855023e+00
-1.299754452728239862e+00
-8.593789499409776322e-01
-9.590256543590117699e-01
-1.028382923954647143e+00
-1.048768053753755813e+00
-1.105906725325418449e+00
-1.723886475509947225e+00
-2.023787633378467454e+00
-2.159489503011399858e+00
-2.771823630145798578e+00
-2.549331166219377387e+00
-2.506137624694994237e+00
-2.553529445950546428e+00
-2.465337530164089852e+00
-2.438862955462048454e+00
-2.350171111532654677e+00
-2.549468129788904136e+00
-2.841542109602685162e+00
-2.736925672366936180e+00
-2.807195631358871069e+00
-3.064676359597032551e+00
-3.077235098022664150e+00
-3.337314378728735598e+00
-2.848382252327797737e+00
-2.708148438722247420e+00
-3.248895205711841871e+00
-3.210304701217761458e+00
-3.552573225510625488e+00
-2.942421191239815492e+00
-3.344769954827104819e+00
-3.575762447413881162e+00
-3.558931813723970272e+00
-3.866008469361018829e+00
-3.532208895824777706e+00
-3.536234341435694706e+00
-3.311203060257718711e+00
-3.165318738214182304e+00
-3.599752968436992440e+00
-3.853340511056827733e+00
-3.447138589828391719e+00
-3.232814675313536057e+00
-3.596614485280693163e+00
-3.604811209245879056e+00
-3.958284457003919510e+00
-3.844222645135018546e+00
-3.619307548316937684e+00
-3.530165630584595871e+00
-3.914548778207513013e+00
-4.019297821622422440e+00
-3.764632780887103181e+00
-3.883265092747801184e+00
-3.347211796330460842e+00
-3.528098373058057291e+00
-3.712621909960721833e+00
-3.506177626852496676e+00
-3.488283325403056079e+00
-3.600211415910506751e+00
-3.020531663121647448e+00
-3.174258614512293519e+00
-3.105635576406191145e+00
-3.085429637157875771e+00
-3.202532196073680115e+00
-3.492048442255063279e+00
-3.010045788337176287e+00
-3.247716351813294100e+00
-2.966753586376915663e+00
-3.075046805658992355e+00
-3.091252474306065867e+00
-3.233597544655276490e+00
-3.021444881435631835e+00
-3.449514156715144608e+00
-2.896081421666135025e+00
-3.321294978322475444e+00
-3.248038323156542173e+00
-2.996863259095051468e+00
-3.541211057660610617e+00
-3.480612078180475688e+00
-3.361130619779922224e+00
-3.775298537163851886e+00
-3.631927300199547570e+00
-3.770390507182155737e+00
-3.751311102933588160e+00
-3.222117781220905641e+00
-3.175069557941342602e+00
-3.247156412782064905e+00
-3.384293478680028500e+00
-3.719719887046846640e+00
-3.778302550139487348e+00
-3.771583680697085494e+00
-3.624818669869819043e+00
-3.898863435788090026e+00
-3.535201334519027405e+00
-3.627400333399562804e+00
-3.809304564048841879e+00
-3.924827274691145007e+00
-3.694849191567838531e+00
-3.599867491455644775e+00
-3.184655014212966151e+00
-3.159579058345399538e+00
-2.944197350971518023e+00
-2.521920661237951666e+00
-2.788362461818459703e+00
-2.679503776932589787e+00
-2.782375085372098322e+00
-2.548907881750047899e+00
-2.760191301220194404e+00
-2.366794297026914240e+00
-2.294819087038834748e+00
-2.591363205668080205e+00
-2.432899124583486117e+00
-2.566537260092148554e+00
-2.531426111865125339e+00
-2.204594591360207190e+00
-1.923239072918335957e+00
-2.459239417527165461e+00
-2.351451783991461486e+00
-2.432795374082482365e+00
-2.282284935098525924e+00
-2.392895034787756892e+00
-2.263424005622095336e+00
-2.639620308646413172e+00
-2.475583363023107442e+00
-2.671983630268735421e+00
-2.519370374701662918e+00
-2.557048112490547975e+00
-2.237700920710256280e+00
-1.879332612395188784e+00
-2.156751741348162277e+00
-1.313315418592785111e+00
-1.400152353380996972e+00
-1.430261240903576203e+00
-1.580420386577913838e+00
-1.957178120985488379e+00
-2.052460306505637266e+00
-2.018247615811210594e+00
-1.743652219179866458e+00
-2.018963081673515791e+00
-2.258169347686750594e+00
-2.246562159898617406e+00
-2.347300994622128378e+00
-2.539228463827038151e+00
-2.441142633236218273e+00
-2.558229798921196618e+00
-2.229901628798886648e+00
-2.030946423309623050e+00
-2.660992396526602022e+00
-2.665955568498288741e+00
-2.648513643549840868e+00
-2.306943088016079724e+00
-2.505772889745133458e+00
-2.564223309254606953e+00
-2.258469693000166423e+00
-2.016405693094127205e+00
-1.922822137264300624e+00
-2.319888850440925854e+00
-1.913161923202314707e+00
-2.021193148373885862e+00
-2.137752022275057229e+00
-2.015118367227433094e+00
-1.670507286384971923e+00
-1.692523779623990476e+00
-1.755212399271012469e+00
-1.572081784263720472e+00
-1.051192389804576299e+00
-1.428037960371923321e+00
-1.424074673484768683e+00
-8.068039730082076089e-01
-8.416696247080938109e-01
-1.400940770087369058e+00
-1.031367317029856512e+00
-1.181531762029100818e+00
-1.496215548093942971e+00
-1.272376492265541170e+00
-1.346278586558626422e+00
-1.431575871663307353e+00
-1.537983884639221976e+00
-1.291494716018401601e+00
-1.305998926180990116e+00
-9.382755822467653273e-01
-9.275799450732140627e-01
-1.107072118396564608e+00
-8.521243909233501279e-01
-6.323397605737595129e-01
-1.247978336525095822e+00
-9.927372262164244621e-01
-1.069272646588106612e+00
-9.375308516845948237e-01
-8.387317791546642365e-01
-1.939818764837030196e-01
1.590892632452071687e-01
1.691356172419253012e-01
-1.040639506386373814e-01
-3.408209380422668189e-01
-3.610743035292752201e-01
-2.134821595184145659e-01
-2.951139414181485066e-01
-5.032591591259601982e-01
-6.769219990796532249e-02
-3.959610364116391557e-01
-1.793642788120810017e-01
-5.035833295583085345e-01
-4.116982407357627216e-01
-6.155532404013165371e-01
-5.348257288876664406e-01
-7.545855368728267010e-01
-1.167064644374022686e+00
-9.985234526881144879e-01
-1.083285904224195129e+00
-1.042839723387186668e+00
-2.200578822680084867e-01
4.695405759975921911e-01
6.316971886380898793e-01
6.854094533360193253e-01
9.961395468317750801e-01
7.446771253656705447e-01
8.024586718171426991e-01
4.746115902353431615e-01
6.435411279169588328e-01
6.486736484196290453e-01
7.320452722601076267e-01
1.040250725145304367e+00
1.378723366139320117e+00
1.177144295734822599e+00
1.162019270854662389e+00
1.519767324013546750e+00
1.400816463399202627e+00
1.611071028336894528e+00
1.762521683498563529e+00
1.705066897078182819e+00
1.329681266532567907e+00
1.433385779363052448e+00
1.742686087888671409e+00
1.571709844062508799e+00
1.283400994123909733e+00
1.400287949850948177e+00
1.502918071959852053e+00
1.459842711816340177e+00
1.330007158115533494e+00
1.210854957242851082e+00
1.021322690511644371e+00
1.188778921681210576e+00
8.638071999349743457e-01
5.107094505119911254e-01
6.733372591864219547e-01
1.260018091367634430e+00
1.860506732379813233e+00
1.191301659139659463e+00
1.336903560681125480e+00
1.451030545653164916e+00
1.653974864391162480e+00
1.900223264387494559e+00
1.748912749947558964e+00
1.648712831275244373e+00
1.645269413869408170e+00
1.761863301341338506e+00
1.246867890116615474e+00
1.190718341569870553e+00
9.706194269551761122e-01
1.058842294954320362e+00
1.189427410110093897e+00
1.105158360868685463e+00
1.342279531627444511e+00
1.248607595914947854e+00
1.617559429793997028e+00
1.441344210459174935e+00
1.504431664847760031e+00
1.315494077434627318e+00
1.330743745319686866e+00
1.589950473073889148e+00
1.513389908563535835e+00
1.455081422213891473e+00
1.653429523002439838e+00
1.887232634367931761e+00
1.711795590307813253e+00
1.829077623680896547e+00
1.261012286419215478e+00
1.415728855644107220e+00
1.129284223232168927e+00
1.440772082811863530e+00
9.510702785425282357e-01
1.050270461521459753e+00
7.922099835689111469e-01
9.226100032420341268e-01
8.118200707919485115e-01
1.542850778121974464e+00
1.459208982788860132e+00
1.129209600030787630e+00
1.301391410221263367e+00
1.016581008953008070e+00
6.808250208500924439e-01
8.606429898734025974e-01
3.970223002574127524e-01
5.541298163661777521e-01
5.587111373926546554e-01
8.868680376217494832e-01
7.339026383620788074e-01
9.197548114821466614e-01
8.446518517005656701e-01
8.126849405626759282e-01
7.278220129531546290e-01
7.099906510693360095e-01
7.481792177436824565e-01
7.984673247064658641e-01
2.782426089404060887e-01
5.725943570582123776e-01
5.243615270406580819e-01
2.449145534556498305e-01
2.630137438946966721e-01
9.300966759003603812e-02
1.634747415279424465e-01
1.519635996180656867e-01
-9.137865602522499131e-02
3.060149925784579755e-02
-1.648450782020974004e-01
-6.124145008514284005e-03
-5.763008832042564311e-01
-4.174301757644688915e-01
-5.110823322397302082e-01
-5.564323729476271518e-01
-1.372589742229487486e-01
-2.775080135719798502e-01
-1.959068605963842913e-01
4.033885864993963510e-02
3.586231070353746997e-01
-2.800088058895700005e-03
2.764761969920712659e-01
-1.317039190093396983e-02
-2.939180272153684714e-01
1.181580015424914809e-01
-9.221361991459564589e-02
-1.328119650757178527e-02
2.415352555013997038e-01
5.925179226669843313e-01
4.713372140517365638e-01
3.583393141965018347e-01
2.460611127506991402e-01
2.509621214191813388e-01
5.175128670167042921e-01
-2.742797820441783552e-02
-2.118793810331026650e-02
2.220118389686616400e-01
3.956524199363128380e-01
-7.855179497166436819e-02
2.435030358465518074e-01
2.391404693241053203e-01
-7.044858197492537277e-03
-2.322600346080211375e-01
-3.163018890151451101e-01
-3.237408968239975371e-01
-1.465090265615515142e-02
-2.747851253704191032e-01
-5.613398176524047045e-01
-7.171120811660983696e-01
-7.094440641237241829e-01
-1.170886477473190190e+00
-7.192823933526892866e-01
-7.080654333684688329e-01
-5.445665971121441684e-01
-4.375362275380541566e-01
-4.476323665023546616e-01
-5.608846076725383378e-01
-8.927677690299843372e-01
-9.275782038944113683e-01
-8.999165531539947693e-01
-7.364955530524871508e-01
-5.072580968910891386e-01
-2.591354669149959489e-01
-5.897131360933653976e-01
-6.029495969686192725e-01
-5.082144818721545665e-01
-5.103287109344651906e-01
-1.984630144611163605e-01
-3.343895483219876952e-01
-2.452888198002250997e-02
-1.682381831193818789e-01
-3.106158030506109280e-01
-6.560975944074147748e-01
-3.779581142959711482e-01
-4.115720785169169060e-02
9.654844126221387435e-02
-4.374398855544146814e-02
1.207553559740335847e-01
-1.056713143100370955e-01
2.072247254364977254e-01
-3.088665369912529934e-01
-3.365825787809538783e-01
-6.729957668060084774e-01
-6.832217298845267850e-01
-8.936776637237948684e-01
-8.338048989479693862e-01
-6.214953114642760568e-01
-6.297463386431333410e-01
-5.375250097452440867e-01
-6.163418782936302964e-01
-3.695630668058058621e-01
-1.440863453761821456e-01
-5.686594583655610879e-01
-2.862786668028510229e-01
-1.036959189650306645e-01
9.428249165056407088e-02
8.732646371616069325e-02
-2.936267683608316803e-01
-4.496689564159597752e-02
-1.362322097959189071e-01
-5.931574898212553515e-02
-6.416809168306953914e-01
-3.458787915837551186e-01
-1.115458054464014137e-01
3.913667285121249506e-01
5.876601357293878003e-01
4.246500929798261992e-01
7.845649066075224276e-01
3.279604163245330439e-01
1.305663091431237266e+00
1.888268459482008499e+00
1.849050603080436339e+00
1.464481209347616719e+00
1.460858993241263670e+00
1.612706734273568587e+00
1.653842226078479971e+00
1.789662817180353027e+00
2.000038632711049313e+00
1.794395557634028471e+00
1.811470032302147537e+00
1.776014239308685960e+00
1.826348346554480750e+00
1.987201081153642246e+00
1.469359442671000382e+00
1.573504289493208530e+00
2.043976924013196861e+00
1.873166353565045572e+00
1.623839190250842890e+00
1.493986574827256497e+00
1.725567076203252226e+00
1.268813238723663694e+00
1.409762719060891012e+00
6.384956144679069245e-01
1.195500461912454959e+00
1.189971625321174287e+00
1.540787497174692211e+00
1.337543314313548226e+00
1.402541275618703231e+00
1.987075975811894768e+00
1.606423841188398871e+00
1.828655639836664681e+00
1.219455129380702108e+00
6.571773710504530408e-01
1.000778160499716130e+00
1.062335960397382539e+00
9.614601387465310234e-01
9.956625758331835163e-01
8.850719887541735886e-01
9.959114581676283828e-01
1.191810497848960537e+00
1.401460055241005698e+00
1.337748337182671721e+00
1.507763980446907404e+00
1.621245649074263939e+00
1.655918084686129665e+00
1.476735820476495320e+00
7.885363315625776304e-01
8.780259075144509762e-01
8.978655622074757092e-01
5.483939600442845341e-01
8.516621361514267186e-01
8.680833690562651528e-01
5.369143096717443608e-01
8.238341529581645339e-01
1.013557464457597534e+00
1.264180627059974027e+00
8.921675850893886484e-01
1.044673141843360131e+00
8.160177152298044856e-01
1.304483785057150014e-01
1.586568550919713050e-01
1.849773320272778965e-01
7.998971215778333255e-01
8.076343459752820531e-01
1.115980383580272628e+00
9.074313430935030400e-01
1.107550711577867997e+00
7.663952900079618047e-01
1.071696002020895655e+00
7.226260689038882523e-01
1.101558543267660895e+00
1.031637665410328308e+00
8.384900372870128793e-01
6.099143097050445661e-01
8.909630564657154972e-01
6.491548205283146356e-01
7.610673477581084700e-01
6.334900719277395398e-01
7.043505457633615352e-01
7.149615634772952255e-01
5.594913440953337425e-01
3.412529267575472591e-01
7.981185137578639122e-02
2.904151184011883879e-01
3.546551552296469123e-01
8.198591161679306127e-01
7.660240632048733733e-01
2.733662478171715593e-01
6.978472772163729632e-01
3.713124090573973746e-01
5.944567849250292912e-01
4.581516450239707661e-01
6.688243070402015711e-01
5.909336729245714404e-01
3.329968225285129257e-01
1.453894951651959477e-01
-2.052044918817064190e-02
-1.201083790019421560e-01
4.737854093123926580e-01
4.432875528209469507e-01
4.546813641691439534e-01
7.427495697927082308e-01
4.135329306428001117e-01
2.414482020802651563e-01
1.215669263311634773e-01
-2.135545134139874013e-02
4.783324073273358401e-01
3.130599147447453712e-01
-1.479488217361990543e-03
-1.470974384763228116e-02
-1.352970612539936002e-01
-3.530157637936178205e-01
-1.295962955191469479e-01
-6.028715916821509868e-01
-4.332318844493334709e-01
-9.911580095963712367e-03
5.317349484761590972e-01
7.721225187420887037e-01
5.693091332718781539e-01
4.761453691040209990e-01
7.324224996738555316e-01
9.143491587244135799e-01
6.002434446392941325e-01
4.572447592128658922e-02
4.290272644224397969e-02
5.295215655369307495e-01
4.689197070593586480e-01
1.032680582237274769e-01
-3.051411669102388480e-02
2.137521914010746538e-01
3.318533268068981634e-01
2.400310860035983762e-01
2.879972210152448309e-01
1.948956732829760230e-01
1.720889406492254192e-01
-1.766712538134520560e-01
-4.281474387600034404e-01
-5.001357493197596815e-01
-5.632680081722587495e-01
-7.568124864241210226e-01
-5.295788204529554566e-01
-3.766233313497006074e-01
-9.479478009230535296e-02
-1.828847786303413880e-01
-3.868296812285711983e-01
-6.042032717309100409e-01
-1.114324248340313517e+00
-9.189787180443976800e-01
-1.174948644046424295e+00
-8.406242943694650638e-01
-7.125231920992892709e-01
-5.916762245377016338e-01
-3.517120151319989008e-01
-4.569551094820931691e-01
-5.050302424959459691e-01
-7.295177366196310409e-01
-8.825575860716972088e-01
-9.479533586869144379e-01
-7.650653533876207169e-01
-8.315631439201333075e-01
-7.302585992572501183e-01
-6.854262042588934456e-01
-7.952289751259418171e-01
-1.231407899709380249e-01
-2.170724600111214875e-01
-8.483962053624100053e-02
-6.771037585398804737e-01
-6.937084457272654214e-01
-5.731771267908393197e-01
-3.346829766994964261e-01
-5.965121462298041966e-01
-4.067592677044368776e-01
-8.149084938446169435e-01
-8.870381663690281027e-01
-8.781746732215240936e-01
-3.771304063093762204e-01
-4.515946284908967101e-01
-1.006580898031866900e-01
-7.417219445482852169e-01
-9.061653665454900697e-01
-7.767012106336798061e-01
-9.906845841314297907e-01
-6.763035869849290949e-01
-9.488266036751471511e-01
-6.816879326564885266e-01
-9.347501788143921519e-01
-1.014100251189335333e+00
-7.147814570286004088e-01
-9.361288939437923950e-01
-8.084811597070467037e-01
-8.023194104545745553e-01
-8.328651401116858866e-01
-3.441312867517511975e-01
-2.998037802172921484e-01
-4.024396123342622311e-01
-4.186581424172930443e-01
-7.292868124619197312e-01
-5.995642676749800559e-01
-4.500992175326687383e-01
-2.492519764634313628e-01
1.626787165128368295e-01
1.477973794228736315e-01
-2.326966759856171352e-01
-1.580034263040774878e-01
-3.025730669919524107e-01
-4.582926649648034756e-01
-5.859422361264668977e-01
-5.109942039353131404e-01
-6.893475339626643494e-01
-5.577529332958345298e-01
-1.004085340985549912e+00
-1.629383742496390841e+00
-1.475538702340590591e+00
-1.753763157017303342e+00
-1.769331632061816872e+00
-2.152451657072129265e+00
-2.512713854819711656e+00
-2.281556000002700202e+00
-2.334897090912445794e+00
-2.284653807414656956e+00
-2.259843130048702076e+00
-2.423134784011399923e+00
-1.997911385011091223e+00
-1.960756693661672934e+00
-1.361114376089616274e+00
-1.115434000515825641e+00
-1.098455626122960105e+00
-1.214863108529784741e+00
-1.417275205969657392e+00
-1.597845962859965940e+00
-1.526756539404869661e+00
-1.271840428867628159e+00
-1.578999107848104488e+00
-1.554513426432963863e+00
-1.850333997152754151e+00
-1.752446311968904880e+00
-1.586592719982630184e+00
-1.350756244596543088e+00
-1.334498059244427992e+00
-1.535623693813359170e+00
-1.619517493475395975e+00
-1.591145685773398100e+00
-1.632213271996050041e+00
-1.535708105603957652e+00
-1.485328427580303590e+00
-1.247266405994562177e+00
-1.647187856188205624e+00
-1.539080750443276413e+00
-1.772224102992416839e+00
-1.786761154797410711e+00
-2.080312717743140638e+00
-1.985450663274367589e+00
-2.307708644292330913e+00
-2.421525951241843444e+00
-1.760555889201365520e+00
-1.674232826586507850e+00
-1.502775328129832388e+00
-1.791176931168133146e+00
-1.500076285712453217e+00
-1.635488854260332303e+00
-1.783526000778136611e+00
-1.628042956201802172e+00
-1.609703401986012805e+00
-1.315589656475840696e+00
-1.706622171123060472e+00
-1.872271547752651699e+00
-1.935063286248873915e+00
-1.860643947549964983e+00
-1.954956437850236206e+00
-1.941763942316007574e+00
-2.000849917643019893e+00
-1.744807063984352702e+00
-1.918000110842579264e+00
-2.008918601597776465e+00
-1.965576818304982432e+00
-1.980557705690096260e+00
-1.910922338100845330e+00
-2.234849128499128312e+00
-2.152107913648081627e+00
-2.169100528380788706e+00
-2.369384531210759093e+00
-2.725931392297041178e+00
-2.573774049248054308e+00
-2.561874617654580355e+00
-2.549673159436237402e+00
-2.627615936093961935e+00
-2.262761272976148597e+00
-2.586014881811273813e+00
-2.574191135442446043e+00
-2.683130594336622821e+00
-3.162203679494670627e+00
-3.021017218352002764e+00
-3.298055538861364155e+00
-3.014827494019848064e+00
-2.799507126610230490e+00
-2.741179247668654728e+00
-2.647402209059491085e+00
-2.805431152626081115e+00
-2.633322601076056202e+00
-2.438410325100544451e+00
-2.221455878210528034e+00
-1.993042763476638335e+00
-2.463982951849870595e+00
-2.364312831739169951e+00
-2.979959660848099379e+00
-2.617959975272597717e+00
-2.767920813585076356e+00
-2.657258894667143601e+00
-2.769168949337218244e+00
-2.647243845768656900e+00
-2.485835570386610627e+00
-2.795562298392649581e+00
-2.891255725667725596e+00
-2.922977552252839839e+00
-2.692863359163658377e+00
-2.771637230927006534e+00
-2.814213478375192867e+00
-2.232230767360553259e+00
-2.973987465557722754e+00
-2.760361611727421227e+00
-2.734517419055520371e+00
-2.547385972445141977e+00
-2.356112821038792937e+00
-2.107483267223266843e+00
-2.423491164084949023e+00
-2.132765237112439038e+00
-2.073209880642477909e+00
-2.274870897404048353e+00
-2.056914875198736059e+00
-2.466980706394689804e+00
-2.251221075308514230e+00
-2.295418035798892920e+00
-1.955161551340000692e+00
-2.184970779272509045e+00
-2.286732130583901235e+00
-2.350671413043712299e+00
-2.422544141201834922e+00
-2.753632696910074618e+00
-2.666711299706015392e+00
-2.812985191393253093e+00
-2.541428743913186405e+00
-2.355060905625134815e+00
-2.729862778063889106e+00
-2.683390603209535374e+00
-2.624148790251651597e+00
-2.817941896225504284e+00
-2.435193014106727727e+00
-2.482234787512489049e+00
-2.393158662343750631e+00
-2.529524258005206860e+00
-2.355560912766251125e+00
-1.667307837835005913e+00
-1.974923113215138581e+00
-1.934491363461724900e+00
-1.897412559493615092e+00
-1.789816254084198643e+00
-1.840053219247374638e+00
-2.294604500195798646e+00
-2.476625453445476133e+00
-2.254435012048890297e+00
-2.649458418962724160e+00
-2.390978886059342390e+00
-2.308724322817943708e+00
-2.215974066144286603e+00
-2.091276623855355510e+00
-2.144310148315062392e+00
-2.001633688398965383e+00
-2.325095873453515427e+00
-2.233393009566342347e+00
-2.200403863698644269e+00
-2.452745403062333462e+00
-2.450225896672268089e+00
-1.916896476240049552e+00
-1.856734093734160540e+00
-2.269029384278409722e+00
-2.525081705894700157e+00
-2.184050301182629106e+00
-2.613803388849408105e+00
-2.169771647244504997e+00
-2.439469703875949413e+00
-2.378462838004724134e+00
-2.378540239981262516e+00
-2.395069853851053310e+00
-2.233550138622375059e+00
-1.539460239545815456e+00
-1.257466579110959159e+00
-1.151605714574421846e+00
-1.843023342971537915e+00
-1.807371741351288641e+00
-1.476035929037061933e+00
-1.640935404135474229e+00
-1.112365180231737583e+00
-1.159724942047615004e+00
-1.240195700918530930e+00
-1.488668375628827700e+00
-1.490651152059275120e+00
-1.242205902149896568e+00
-1.304413704285732667e+00
-1.498579093924857775e+00
-1.069413667368479537e+00
-8.871527049792595765e-01
-1.090905707798337954e+00
-9.499390798399373059e-01
-1.103002281453802969e+00
-9.479140371778098650e-01
-1.190024581204673249e+00
-1.175573694181654805e+00
-8.861034087046264496e-01
-1.393842729389329849e+00
-1.427711062588258750e+00
-1.476335817783186011e+00
-1.753380787521047868e+00
-1.948120612911524052e+00
-2.296082599604312158e+00
-2.320866252643819294e+00
-1.580164189359364091e+00
-2.065357061036822817e+00
-2.019780847197225615e+00
-1.862670168276905791e+00
-1.911939552387309726e+00
-2.008140812338384595e+00
-1.504806888917031404e+00
-1.853217510796022927e+00
-1.916493251626656402e+00
-2.047882867107538640e+00
-2.104351309845863938e+00
-2.312171167950705986e+00
-2.584653597980241191e+00
-2.687994768893550823e+00
-3.015893709037354320e+00
-3.114655471180641566e+00
-2.867790879829999362e+00
-2.458277822164833371e+00
-2.221017911479215456e+00
-2.617562316349848484e+00
-3.107836974245937967e+00
-2.985387748523832929e+00
-3.067635282110130923e+00
-2.988122601660997635e+00
-2.813328158761005060e+00
-2.607316209654480854e+00
-2.249550276821699057e+00
-2.570574719550080545e+00
-2.599444825922779145e+00
-2.480520547399652553e+00
-2.330508931517535132e+00
-2.646730715339380868e+00
-2.513848220819074886e+00
-2.606071055540594372e+00
-2.281755595391793179e+00
-2.310773829050466688e+00
-2.878845927598522980e+00
-2.958970479772307982e+00
-3.174593487962594551e+00
-2.780514796775052755e+00
-3.056664644039837064e+00
-3.193941378072569393e+00
-3.354028021062017473e+00
-3.402989007677714728e+00
-3.208854370428399161e+00
-3.279517745860490052e+00
-3.173131842239679923e+00
-2.850143630205515421e+00
-2.861554079750646018e+00
-2.865957593197182351e+00
-2.619042582623034576e+00
-2.694441734329551252e+00
-2.409018321367766724e+00
-2.773308583748686829e+00
-2.568028420898887720e+00
-2.872815651082106569e+00
-2.908679537047057284e+00
-2.498700631134775030e+00
-2.519607390943618963e+00
-2.079781611673315211e+00
-2.269518193464242106e+00
-2.425066700110888984e+00
-3.020008037519101851e+00
-3.114921038304940826e+00
-3.145161141040109243e+00
-3.382413342598713069e+00
-3.535883403724533469e+00
-3.298942134263642689e+00
-2.845577357941696750e+00
-2.874501979096944382e+00
-3.034303060508259708e+00
-2.952736215181130941e+00
-2.798632618856685461e+00
-3.025421852167234249e+00
-2.678082235000862177e+00
-2.504771892476068462e+00
-2.527069275850542862e+00
-2.243425837947070178e+00
